10
2
1
1
1
4
4
15
1
13
15
15
1
15
15
15
15
15
3
23
15
30
30
30
14
15
15
15
4
15
1
1
15
1
1
1
0
15
2
1
1
1
0
1
7
3
2
3
3
3
3
8
30
5
8
18
30
3
20
7
5
20
2
15
3
11
2
15
15
15
6
15
15
15
15
4
9
11
19
5
19
16
18
9
18
4
4
4
4
16
14
20
15
15
2
6
15
15
10
15
15
3
2
10
15
14
15
10
11
15
8
3
5
9
14
13
15
14
14
15
12
15
15
15
10
10
15
15
25
13
6
15
15
15
4
3
2
7
7
15
15
15
6
6
15
2
6
15
2
12
2
2
2
2
2
2
2
12
3
2
2
2
2
2
5
15
15
15
15
15
15
15
2
3
2
15
2
2
3
22
15
15
2
3
2
2
2
2
2
2
2
2
15
2
15
1
2
3
0
0
0
0
0
0
0
2
15
20
2
4
19
19
20
2
